100
0010100000010000000000000000101000000000000000000000000000101000010100000000000000000100000000000000
0000000100101000100000000000100101000000000000000000001000000000000000000000000000100001000000000000
1000000100000001000010000000000010000000000000001000000000000000000000010000001000001010000000000000
0000000000000010010000000000000010000001000001011000000000001000000001000000000000000000001000000000
1000011000000000001000000001000000000100000000000100000000000000000000000000010000000000000000001010
0000100110000000000000000000010000000000000000000000000000010001000000000000010000000010001001000000
0000100000000010000000001000011000001100000000000000001000000000000000000000000000000100000010000000
0110010000100000100001000000000000000000000000000000000001000010000000100000000001000000000000000000
0000010000010000000000000000000000000001000000000000111000000001000000000000010100000000100000000000
0000000000000100100000000000110001000000000001000010000000000000000000000000001000000000000010100000
0100000100000001000000000001000000000000000100001000000000000001010000000000000000000100100000000000
1000000010000001100100000000000000000000000000000000000010000000000110000000000000000101000000000000
0100000000000001000000010000000001001000010000000000000000000000100001000000000000010010000000000000
0000000001000000101000000000000000000010100100000000000000001000000000000000000000100001000001000000
0001001000000000000010000000000100000001000000000001000000000000000100010010000000000000000100000000
0010000000111000000000001000000000000000010010000000000000000000000000000000100000100000000000000100
0100000101010100000000000000000000000000000000000010000000000010000000000000100000000000010010000000
0001000000000000000000000000000000010100000110000000000000100000000000000001000000010000000000101000
0000100000000100000000000000000100100000000001000000000000000001000000000000000000011000010000000001
0000000000010000000000100001000000000000000000000100000010000000000000100001000000100001000000010000
0010000000000010000000000000100000001000000001000001001000000110000001000000000000000000000000000000
0000000100000000000000010000000100010100100000000000001001000000000000010000100000000000000000000000
0000000000000000000100000010000010100000000000000000000000000000001000010001000010000000000000011000
0000000000001000000001000000000001000000000000000000000010000000001000011000000000000100001001000000
0000001000000001000000000100000010000000000000010010000000000000001000000000010000000000000101000000
0000000000000000000000001000000000000011100000110000000000000000000000000000010000000001000000000101
0000000000000000000000100000000000010100000000000100000010000000101000000010001000100000000000000000
0000100000100000000100000000000000000000000000100001010000001000000010000000000000000010000001000000
1100000001000000000010000000000100000000000000000000000100000000000000000000100000000000000100001010
0000011001000000000000000000000000001000100000000000000000000110000000100000000100000100000000000000
1000001000000000000000000000000000010000000011000000010010000010010000000000000000000010000000000000
0100000000000010001001000000100000000000000000000000000000000000100000001000000001000000000000000011
0011000000000000000000101000000000000000000000000000000100000001000100000000001000000000010000000100
0100000001001000000000010000000000001100000000000001000000100100000000000000000000100000000000000000
0000000000000000001000100000000000000000000000000010100010000000100100000000000000010000001001000000
0000000000000000010001000010001000000000100010000000000000000000010001001001000000000000000000000000
0000001000001000000010000000010001000000101000000000000000000000000000000010000100000000000000000001
0000101000000000010001000010000001000000000000010000100100000000000001000000000000000000000000000000
0000000000000100000000000100000000000001000000100000000000010000100100000000010000001000000000010000
0001000010000010000000000100000000000010000000000000000000000000000000001000000100110000010000000000
0000000000000100000001000100010000011000000100000000000000000000000000000000000000000100100000000001
0000000000001001000000000000000000000000000000000000100000000100000010000000000010000000011000001100
0000000000000000000000000000000000001000000000001010000010000000000000000000000010000000100000111100
0000000000100100010000000000000000000000100000001000000000000000000010000011100000010000000000000000
0000000000000001010000000000001000010000000000000000000100000000000010000000000001000000110000010000
0001000001000000001010000000001000000000000000000000000000000100000010001000000100000010000000000000
0000000000000000000000000101000000000010000000000000101000000000000110000000000001010000000000000010
0001000000000000000000001100000000000100000000000001000000100000000000000001000000010001000000010000
0011000000100000000000000000000000000000001100000010000100000000000000000000001000010000000000000100
0000100000000000000100000010000000000000000000000001010000101000000000100000000010000000000000100000
0000000001000000100000001000000000100000001000001000000000000000000000000010001010000000000010000000
0000000000000010000010000001000001000000000000010100110000010000000000000000000000001000000000000000
0000000010000000000000000000000000100100010000100001000000001000000000101000000000000000000010000000
0000000010000000000000000001001000000000000000000101000000000000000000100000000101100000000000100000
0100001010000000000011000000000000000000000000100000000001000001000000000000000000000000000010000010
0000000000000000000000000000100010000100000010001000000010000000001000000100000000000010010000000000
0000000000010000000100010010001000100000001000000000000100000000000000000000000100000000000000010000
0000000100000000000001000000000000000000000000000000001000000000110100000000000011000000000000001001
1000000000000000010000000000000001000000000000010100000000000000000010000101000000000000101000000000
0000010000000000000000000000000000000010000000000001000000000110000000000010001000000011000000100000
1001000000000100000000000001000000000000000000000100100000000000100001000010000000001000000000000000
0000000000000000000010000000010001000000010001000000000000010000000000000000100000100001000001000000
0000000100000000100010000000011000000000000000000000000000010000010010000010000000000000000000000001
0000010010100000001000000000000010000000000000000000001000000000001100000000000000000100000100000000
0000000000001000000000000010000100100010000000000000000001001000000000110000000000000000000001000000
1000000000100000000000000000001000010000000000000000000001000010000000000100000010010100000000000000
0000000000000000000000111010000000000000000000000000000100000001000000000000000000100011000010000000
1000000000010010000000000000000010100010000000100000000001000001000000000000000000000000001000000000
0000000000010000000000000001000000000000010111100000000000100010000000001000000000000000000000000000
0001000000001000000010000000000000010100000000000000000000001000000000100000100000000000000000000110
0000000100000000000100000000010000000000000000000100110000000000100001000100000000000000000100000000
0010000000000010000001110000000000000000000000000000000000000000100000000100000000000000100100100000
0000000000000000000000010000000100010001000001000000100000000000000010000000000010001000000100000000
0000000000000000000000000000000000000000000000000000000100100000010000110000000011000000000000100011
0000000000000010000000000010000000001000000100000010000000011010000000000000000110000000000000000000
0000000000000000010100100000000000010000000100010000000000100000000000000000001000000000000001001000
0000000000000001100001000000100000000000000100000000000000000100000001000000010000000000010000000100
0000110010000000000000001100000000000010000000000000000000000000000000000000100000000001000010100000
0010000001000000000000000010000010000000000000001010000000010000000000000001000000000000010000000010
0000000010000000000000000000010000001001000001000000010010000000000000000010000000001010000000000000
0000000000000000000000100000000000000000011000000110000001000000010000001110000000000000000000000000
0000000100000000000000000000000100000000000010100000010001000000000000000100000000000000000010000110
0100000000000101000100000010000001000001000000000000010000000100001000000000000000000000000000000000
0000000000001000011000000000000000100001000100111000000000000000010000000000000000000000000000000000
0010000000000000001000000000000000000010000000000001000000001000000000001000000100000000001000010010
1000001000110000000000010000010000000000100000000000000000000001010000000000000000000000100000000000
0010010000001000000000000001001000000000000001000000000100010000001000000000000100000000000000000000
0100000000010100000100000100000000000000000000010000000000010100001000000000010000000000000000000000
0000000010100000000000000000000000000000101010000000000000100000000000010000000000000100000100001000
0000000000000000101000000000000010000001010010000000000100000000000000000000101000000000000000000100
0001010000000000000000010000000000100000010000000000000000100000000100000000000000001000000010010000
0000000000000010000000001000100000000000000000000000000000000001000000111000000000000000100000011000
0000001001000000100000000000000000000000000000000010101000000000001000000000010001000000001000000000
0000010000000100000000011001000000100000000000000000000000000100100000000001000000000000000000000001
0000000001000000010000000000000000000000001000000100010000010000000000010100010000000000000000000001
0000000000000000000100100000000000000010001010010000000010000000000000000000000000001000001100000000
0000100000000000010000100000100000000000011000000000000001000000000000000001000000000000100100000000
0000000000000001000000000100000010000000011000001000000000000000000001000000100001000000010000000000
0000100000000000000000000000100100000000000000100000001000000000000001000100001001001000000000000000
0000000000000000001000000100000100001000100000000000000001000010000000000100000000000000000001100000
