22
0011001101000100111010
0001011010011010011010
1000010111100000110101
1100001010000111101100
0000011010101101001011
0110100110110100000101
1101100001100010101010
1010010011110110000100
0111110100001000010011
1010001100111110010000
0010111101000011011000
0100010101001001101101
0100100011010011110010
1001110101000001111000
0101001101101000001101
0001100000111100101011
1011001000011101000110
1110000011101100000101
1101101000110111000000
0011010100010010110011
1100101010001001100101
0010110010010011010110
