23
00100000010011101111001
00001101111001000100110
10010011010010100111000
00100101100100000111011
01000011010100110101100
01010001101010011010100
00101000011100011001101
01111100001111000001000
01010100000111110110000
11101010001001010100010
01000111010011001010001
00011011100001001010011
10100101101001010010100
11000001111110011000000
10101000100000010110111
00001110110011100100010
10000110001101000100111
11111000110000111000000
10110100101110100001000
10111011000000000010111
01001110000010101001011
01010000010100111001101
10010010001100101001110
