24
000111000100110001010110
000010000001111101001011
000100010101010011111000
101011100010010001010010
110100011010001100010001
100100101110001001110000
000101011100010010000111
001010101010100110010001
000011110001101010101000
101001100000000101001111
000111010001101000101010
011000001010111100001010
110000011011000101100100
111100100001000010010101
010011001011000100101100
010010010101101000110001
001000111000010001101011
111101000100100010000101
001001001010101110011000
101111010000010100100010
011000001111001010100100
100000100100111001001011
110100100111000010010100
010010110100010111000100
