25
0110100111000000110010010
1001011000001100101010100
1001000111010010010100001
0110101001011001101000000
1001010001000110011011000
0100101011001001100100100
0101010011001101000000101
1010000011011110001100000
1010011100001010000010110
1011111100000001000000110
0000000000011101010110111
0011000100100011101100001
0101011110100010000101000
0100101100100010010001011
0010100110011100110000010
0001011001110000000001111
1101010000010010010011100
1010100000100110101001010
0101100100010000010110011
0010010100111000001011001
1100100010100000101101001
0000100000001101110110110
0100011011100001100001001
1000000011100111011001000
0010001000110101001110100
