26
01001010110011001100010000
10110010000001110000011100
01000001100101101000010101
01000001111010000001100101
10000000001001110110111000
00000001001101110001000111
11000000101111010010000100
00110100011100000010100110
10110010000100001010001110
10010001000000011010100111
00011111000011101010000000
00100111100011000010011000
10010010001100001001111000
11101110001100000001000010
01101100001000001100110010
01001110010000000100101011
10100000111010100011000001
10001000000000110001011111
00001011111100001000100001
00010100000011001100101011
00011001010010110011000100
11101000000110100100001001
01001000100110010101010010
01110111110000000100100000
00000101110001110101001000
00110100010000011111010000
