27
010100001010011010000101010
100100011010110001000001100
000001100101000100110101010
110000000111011010010010000
000001010101101100010101000
001010101011000001001011000
001001000001000110110010011
010010001001111000000011010
110001010010000010001101100
001110000000010001011100110
110101001000101001000010100
001111110000000110000000101
010010010010010011001010100
110100010100101101100000000
100110010010010101010000001
001010100001011010100000101
100100101001100101001010000
010001000110111010000000011
001000100000010100011101011
001110100100001000101101000
000001001100100010110000111
101010001100000000110010101
000101110010100010000100011
111011011000000000110000010
010000001111100100001100001
101000110100000001101011000
000000100001001101101110100
