28
0100111010100010010000001100
1000101101100000010011100000
0000010111011000101100000100
0000000011001010000111110010
1100010000001010001010011010
1010100000111001001000001010
1100000100000100101000111100
0110001000001100001011010001
1011000000000100010111100010
0111000000101101100000001001
1100010001010100010101100000
0010010000100011100001001101
0011110101000010000101000010
0000001111100000100011010010
1001100000011001010100000101
0000010001010010110100100011
0010001001010101001000000111
1100000010100011001001010100
0010111100000000110011001000
0011000010101011000010100010
0101100110000100001100010100
0101000110111100011000000000
0101001010100001000100010101
0001101100000100010010101001
1000111001010000001000010011
1010001000010010110010100001
0001110010001101100100001000
0000000101010011100000111100
