29
00101011010101100010000001000
00100111001001010100010000010
11000000000000001000011111011
00000010100000110111000011001
10000101101000001001010100001
01001010100000100000011101010
11010100100110010001100000000
11001000000110001010000011010
00011110010100000110000110000
10000000100000101101100110010
01001000000001101001011100100
10000011100001010010110000010
00000011000000101010110010110
11000000001100001111001000100
10010100011010000011110000000
01010010000100001000101101001
00101001011011010000100001000
01010000110001000000101111000
10010001100111100000000000101
00011010011001100000100100001
00000010010110111101000000100
01101100001110100000000000101
00100100001001010100000011101
00101100111000010101000000010
00110001110010000100001000101
10110101000000011100001000010
00000000001011000010111010011
01100101010110000000000101100
00111000000000010011011010100
