30
000010010100010010101100110000
000000001111001010001101010000
000101001001101100000001001001
001010010101000101110010000000
100101100100000001000000110011
001010011001000100011000000101
000010010010010010000111110000
100101100000101010000100000101
011001000010000110100111000000
110110000000110011100010000000
010000101001001010001110000100
011101000010010000010001101000
001000010100001100000000011111
100000100101000101110001001000
011000010010100001011010000010
001101001000110000011000000101
110000111110000001001000001000
000110000100011010010101001000
100100001100010000010010001110
000101000001011101100000010001
110001000010001110000000001011
110000111010000001000000100110
000100101110001000100001110000
011000101001010001000010000011
100010100001000000000110011110
110010100000100000010010100110
001000000001110011101000100010
000001010010100100100100110001
000010000000101000101101111000
001011010000100100011001000100
