31
0000100011001001010011001010000
0000101011010000011100010000001
0000010100110100100000100101001
0000011000000001010011111001000
1100011101000000110000010000001
0011101000011001001000100000010
0101110000000100110100100100000
0010100000011010101000000100011
1100000001110000000101000110100
1100100010101100001001010000000
0010000011000010011100100001010
0110010110000010000010001000110
1000010101000100100100011010000
0010001001001000000010101010011
0000000100110000000101100110101
1001010000000000010100010011101
0010101100001000000110000111000
1101101000100001001001001000000
0100010101100000010100010010001
0100001010101011101000000010000
1001000000010100100000111001100
1001000011000010010000001100101
0011011000100110000010000000110
0101100001001001001010000001010
1001000000011100010011000100010
0010001110000010100001001001100
1000000010001111101100000001000
0011000000100001100010010110010
0000000010010011000011100100011
0000010100110100000000111001100
0110100100000111001001000000100
