32
00000111000000000101000101001110
00100001101100010000111000000100
01010000101000000111000001000011
00100000100101100000101100010001
00000101010001100011101000000100
10001011100000000000101001011000
10000100000010001010011000101010
11001100100110000000010000010001
01110101000001000100011001000000
00001000000001111000100110000110
01100000000000001101100010100011
01010001000010111000010010010000
00000011000101000110000100100011
00011000110010001010010001100000
00011000010100001100100101000001
01000000010100000001010101110010
00000010011101100100000110010000
10100000101010101011000000001000
00101010000011000100001010010010
10101000001000010100110010000001
01011100011000100001000001001000
01000011100101010001000000110000
01011110100000000010000110000100
10010000010010111000001000000011
00000000011100001011001000101100
10100100100001110000100000101000
00000010001011010000010011001100
00010101000100011010010000000101
10000110000000000100100011100110
11001000010000000000001010111001
10100010011010010010000100001000
00110001001010100001000100010100
