33
010010000010100010001010000000111
100000010100000101000001001101100
000100001000011010000111000000011
001001010010000010110000100000110
100000001101100110010011000000000
000100111011000001001010001000000
000001001101000011010100001000001
010101000101001000100000000011100
001011100010000001100000001010010
010010110000101001000110010000000
100101001001000010001000010011000
000011110010001000001000101000010
100010000100010000010110101000100
001000000000101100001011000001011
001000010101010100100000010100010
010010000000011000001100110000101
101110100010000000100110100000000
010001101100000000010000100110001
000100011000001010010010001101000
000110100000100001100100001011000
100001000011010100000000110101000
001000100100100110010001000101000
101011000100110010100000000000100
011010000000010000000100110010101
000100000001100111001001000000011
000000000110001100001001000011101
010001101001100000110000000010010
010000000000001001101100000011011
000000011010000001010001011100100
010000010010010000111100010100000
110100010000100100000011010010000
101100001001011000000000101100000
101000100000010101000001110100000
