34
0110000001000000100100100101010010
1000001101100000101011000000100000
1000110000001100000001001010001100
0000000100010001111010010000100001
0010010000001000101001000100100011
0010100001001101100000000001001100
0100000000100010011000000010011110
0101000000100011000010000100110001
0000000000011100100000110100001011
1100010000010000010001100110100000
0100001100000010100100110000010001
0001000011000000001100110001010010
0010110010000010011000001000000101
0010010010000000000101100101100010
0000001100101000000111000000001110
0001010100000000001100011011000100
1101110010100000000100000010010000
0001001001001000000000100101110001
0101101000011001000001000010001000
1000000000110111100000000100011000
0101000100000010000000111001001001
0110100001000110001000010010000100
1000000011110100010010000001010000
0001000010110001000011001000001100
0010000000001001000010010011100101
1000100111000100010100000010000010
0010001001000001101001001100000001
1000010000010101010010101000100000
0101100101000100010000001001000010
1000001100110000110100100000001000
0010011010000010001110010000010000
0010011000001011000001011000000010
1000101010010110000000000100100100
0001100110101000010010001010000000
