35
00010101101100000000000000010100011
00010011000010010000000110001110000
00000100100100001010101001001001000
11000010010001000100100010001000100
00000100011100100000000101100001100
10101010000101000001100000000010001
01010100010000000001010010100001010
11000000001000000110001001000011100
10100000000110011000010011000000100
00011010001000000000010000110011010
10001001010010001001000100000010010
10101100100010000000000010000110100
01000000101101000101010000001100000
00010100000010010100001110100010000
00001000000000001100001011111100000
01000000100001000100101000000011101
00100000101000100010110010001100000
00010001000011110011000001100000000
00100001000000001100001100011010010
00000110001010000100010010011000010
00110100000000011000000101000010101
00000010110010001001000000000101011
00100001000001110010000101100000010
01001000001001000010101001000001001
01010010100101101001000000000000001
00101001100000100100101100010000000
00001010010001100100001000011000001
10000000010000100011000001101000110
01110000000010101011000000110000000
11000000000110101000010000000001011
01000101011101010010100000000000000
00101011010000010000010100000100100
00011001100100010000100000010001001
10000010011000000011011000010100000
10000100000000010000110110100100100
