40
0001010000001011100000100010000000010100
0000100011010010000000000101110100000000
0000010000001000100000100001000001110101
1000001000110100100000000001001000011000
0100000101001000000010110011010000000000
1010000000110001010000100000000001000110
0001000000000010100010001110000100100010
0000100010010000001011000000101001000010
0100000101001000001001000001000010010100
0100100010000010000101000000100001011000
0001010000000100010110101110000000000000
0101010100000000001000000000001000110011
1010100010000000000011000001001001001000
0001000000100001100001000110000101100000
1100001001000000001000010100000000101001
1000010000000100010100010000010100100100
1011001000000100000010001000011000000001
0000010000100001000000111101000000000110
0000000110010010000010110000000010101000
0000000001100001000001001000001011000101
0000101100101000101000010000100000000010
0000000111001100000100010000100000010010
1010110000100000011000000000100110000000
0000100000000011011011000010010000000100
0000001000100000110100000001101011000000
0100001000100110010000000010000001001010
1000101000100100000000010100000100001001
0111100010001000010000001000000000110000
0100000101000000000011101000000010010010
0100100000000001100000010000001100100101
0001000100011000100100001000010100000001
0100001000000101000000100010011010001000
0000000010000000001100101000100100001011
0010010101001100000100001100000000100000
0010001000010111001000000001010001000000
1011000011010000000001000001100000001000
0001000001001010001000000110000110010000
1010010010000001010100010000010000000001
0000011100010000010011000100100010000000
0010000000010010100100000010011010000100
