45
011000000000100001000001001001000111000000000
100010110000010000010000000100010000100000100
100010001000000100001000000000000100001010110
000000001001010010011000011000000001000010000
011000010001000000000010000000000011011100000
000000101000011001101000000100001000000010000
010001000000100010010000000000000011100100010
010010000001000000000100100010111000000000100
001101000001001010000000000010010010000000010
000000000010000000000010000011100001001011100
000000000100000110001000000000001101100000011
000110011000000010000000001010000000001101000
100000100000000001000110000101000010000100001
010101000000000010100000000010000000000110101
000001001000000000110001010000001000010001010
001000000010000000000100000110100001001110000
000100101011010000001000000000010100100000000
100001000000100000000010000000011010000110001
000001000000011000000000100011010001001001000
010100100000001000000100101000000100101000000
001101000010000010000001100100000000010000010
000000010000100100010010000000111100000001000
000010000100100001000100011001001010000000000
100000000000001000001000000101001000010001011
000000010000000000111000000000100100100101010
000100000000001000000010000001100000010101101
100100000001000000010010000000000000101001011
010001000000100100001001000010000010010001000
000000011101010100100000000100100001000000000
100000000100100000100011010000101000010000000
000000010100000100000100110011000010000000100
010000011000000011100100000000000000100010001
000001010010001001000111000001000000000010000
101000000010000010010100100000000000101000001
100010101000100001000010000100100000000000001
100110100110000100100000000010000000000000100
010000100010000010010000101000010100010000000
000010000000001000001001010101000000100010100
001010000101000100110000001000000100000000100
000010100001110101000000110000000000000000010
001101000100010101000000000000011000010000000
000000000101001000100101111100000000000000000
011000010100010000000000010000100001011000000
001000101010001000001001101000000000000100000
000000000010110001000001011000010110000000000
