50
00000010001100100001001010000010000001000001000000
00001001000000000000000001011000100000101000101000
00001000100000000010100000001100001100000010000100
00000010000001001000100010001000111100000000000000
01100100001000000000010100000000000000000011010001
00001000101100000000000100010100000001100000100000
10010000001000100001000000000001011000000000001100
01000000000001000000000001100110000010000100101000
00100100000000101010100000000000110000000000100001
00000000001100000000001000001000011010100001000010
10001110010000001010000001000000000000001010000000
10000100010000011000101000001000000000000000100001
00000000000000100110000000100100101000011000000001
00010001000000010000100011001000001000000000010100
10000010100010000000000010000000001000010101100000
00000000000101001001100000100010010000000100000010
00010000101100010000011010000000000100010000000000
00000000000010000001011000010010100000010010001000
00100000101010000000000000000001100001100001001000
10000010000000010100100101000000000001010000000010
00110000100101010001000000000001010000000100000000
00001000000000001100000001001000100001001000010010
10000000010100001100000000100100000000100000010001
00001100000000000001000001011010000010000010001000
10010000000001101000000000100001000010000000100100
01000001001001000001010100000110000000000000010000
00000001000010010000001010010000010000001010001000
01000100000000000100000100100000000001010100100001
01110000010101000000010100000000000010000000000100
00100101000010000000001001000000010000011010000000
10000001000000010100000101000001000100110000000000
00000010000000000010100010000010000100011100001000
01010000100010000110010000000000000000101000010000
00010010110000010000100000100100000000000100000100
00110010010011100000000000000000000001000010000001
00110000000000001000000000000011000001000001100011
00000001010000000000000110001000000000000001101110
10000100000000000011010000010000001100000000010100
01000100010000000010001000000010100000000101000010
00000000000010101101000000010111000000000000001000
01000000001010000000010000100101100000000100010000
00000001000000110000100000010001010000101000000010
00101000001000000100000100100100001000000001010000
10001000010000100010000000000000000110100010000001
01000101100100100000000010010000000110000000000000
00001000000001000000011001000000100001001010000100
01000011000000000110000100100001000010010000000000
00100010000001000000000010001000010011000000010010
00000000010000010001010000000000000110100100000101
00001000100110000000001000010000001100000001000010
