55
0000000010001100011000000000010000000001000101000001000
0000010101000000000000100000001110000000001000001010000
0000100010001110010100001010001000000000000000000000000
0000010000000010000010100100000000010000010010100001000
0010001000001000000000000000101000000000110110000001000
0101000000000100010100000000000011100000000100000100000
0000100000010001000000000011001010000100000000010001000
0100000000010000110000000000000000001010010001000100001
1010000000010000000000000100000000110010100011000000000
0100000000000000000011010001000101001100000000010000000
0000000000011100001000010101000000000000000001100000001
0000001110100111000000000000000000100000001000001000000
1010100000100000000010000000100010000100010000000000010
1010010000110000100001000000000000000000100100100000000
0011000000010000000100000000101001000000000100000011000
0000001000010000000001001000000000000010110000001100001
0000000100000100001010100100000010100000100000000000001
1010010100000000000000100100010100011000000000000000000
1000000000100000100000010000010000000100000000100000111
0010010000000010000001001000110000010000000000010010000
0001000001001000100000011000100000000000001000100000010
0000000001000101000100001010001000010001000000000010000
0101000000000000110000010000000001000111000000000000001
0000000001100000001010100010000000001001001000100000000
0010000000000001000111000000100000001100100000001000000
0001000010100000110000000000000001000000000010000100011
0010001000000000000001010000001000000010100001010000010
0000001001100000000000000000000001000010000100011100001
0000100000001010000110001000010000000000000010000010001
1000000000000000011100000000100000001000000000101001010
0110101000000010000001000010000000101000000000000000010
0100000001000000010000000000000000010100011000000110100
0100011000001000100000000000000000100010000011001000000
0000010001000010000000100101000000110000100000000000100
0000010010010000100000000000001011001000000101000000000
0001000010000000010101000000000101000001000000010001000
0000000101000000010000011000011000100000000110000000000
0000001001001000001000101000000100000010000000010000100
0000000110000001000000100011000010000101001000000000000
1000000000000000000001110000000000010010010100001000100
0000100010000101100000001010000001000000000000100001000
0001100100001001000000000000000100000001000010000001100
0100000000010000000010010000000100000010000000110100100
1000110000000110000000000001000000101001000000000000001
0001100010000000000000000100100010001000010001000010000
1000000110100000000000000010000010100000000010000001100
0001000000100100001010010000010000000000101000000000010
0000001001000000000100000011000000010100001000000010010
0100000000010001000000001001010010000001000000000110000
0000010100000001000000000101000100000000001000001010100
0100000000000010000101000000100100000000000010011100000
1001101000000010000000000000010000010000110001000000000
0000000000000000001000000000000101000101011001000100010
0000000000001000001010000110011000000000000000110000100
0000000100100001101000100101100000000000000100000000000
