75
000010000100100000100001001000000001000000000000000000001000000000100010000
000000000001000000000100000000100000001000010000000000010000010010001000001
000000000000001000000010010011010000000000000000010000010100000010000000000
000000000010000001100000001000001000000000100000000000000010000101000000001
100000100010000001000000000000000100000000000000001000000000000000010010101
000000000000000000100000011000000000001001010000000010010001000001000000000
000010000000000000001100000000000000100000000010010000010000011000000000001
000000000000000000010001000000000010000000100010010001001000000000100000001
000000000000100000010000010001000000100010000000101000000000000000001000010
100000000001000100110000100000001000001000000000000000000000000100000000001
000110000000000000000110000000010000010000000000101000001000001000000000000
010000000100000110001000000000000000100000001010000000000100000000010000000
100000001000000110000001000000000001000100000000000010000001010000000000000
000000000000000001010000100000000001010000100000000000001000001000001000001
001000000000000000000100000000001000000000000100010000000001111001000000000
000000000101100001000010011010000000000000000000000000000000100000000100000
000000000001100001000010010000000000000000001100000000000000000001001001000
000110000000010110000000000001000000100000100000101000000000000000000000000
100101000100000000000000000000000000000000111000000100000000000100000000100
000000011100010000000000000000000000010010001000000010000000110000000000000
000000100001000000000000000011000000000100010100000000010000000000000011000
010000100010001000000010000000100000010010000001000000000000000000000000010
001000000010000110000100000100000000000101000000000000000100001000000000000
100000010000100000000000000000000100000001000001000010000000001000001100000
000000000100010000000000000001000000010101010000000001000000001001000000000
001001001000000110000000000000000000000000000000000001100000000100000011000
100101000000000100000000000000100000000000000001000000000011000100010000000
000000000000000000000010000001100000010000010010000100000001000100000100000
001000000000000100001000000000000001000000100100100010000100100000000000000
001000001000000001001000100100001000000001000000000000100010000000000000000
010000000000000000000100001100000000110000010000000000001000000010000000100
001000000010000000000000000000000000000010000000100111101010000000000000000
000100000100001000000000000001000000000000000011100000000010000001010000000
000010000000000000000001000000000010000000000000100000001010100010000100100
000000010000000000000000000000000100000011001100000000110000000000000001010
100000000000110000000000000010000000000000000001001001010000000000100000010
000000101001000001000000000000100000000000000001000100010100000000000001000
000000000010010000010100100100100000000001001000010000000000000000000000000
010001000100000000000000000000000000000000001100000000000000001010010011000
000000000000100000001010100000000000000000100010000100000000000011100000000
000000001000000000010100000000010010000000000010011000000000010010000000000
000001000000000000000011100001000010010000010001000000000010000000000000000
000100010000010001100000000010000000000100000000000000000001000000000000110
010001000000000000101000100100100000000001000000000000000100000000000001000
000000000001000010110000000000000010011000000100001000000000000000001000000
000000000000001010001000000010000010001000001000001000000100001000000000000
000000110001000000000000000100001000000110000000000000000000000001001100000
000000000000000000000101001000001001100001000000000001000000001000000000001
000000001010000001000000000010011100000000000000010000000000000100001000000
001000110000001000000000000000000000010010000000101000000000000000000100100
000010001010000001000000000000000001000010001100010000001000000000000000000
000000000000000000100000000100010000100100000000000001000000000000110110000
000001000000100000010001000010010000000000000000000000100000100100000000001
000000010000000000000000110000010001000000000001000100000101000000100000000
000000000000000000000000010001010010000000000000000010000000000000000011111
011001100000000000001000000000000011100000000000000000000000000010000000010
100000010010010000000000000000110100000000000000001000000000100000000100000
001000000001000000000010000010000000100000010100000001000000000000000001100
000100000000000000000000001001011100000001000000000000000001000010010000000
000001000000101000000000001100000000000000100000000001000010000000110000000
000000000000001100010000000010000100000000000000000010001000000001000100100
010000100000101000010000000000000000000010000000000000000000000100100010010
000000100010011000000011100000000000001000000101000000000000000000000000000
000100000100000000100000011100000000000000000000100010000000010000100000000
011000000000000000000000000000100100001110000000000000010010000001000000000
000101000000001010000000100000001000000100000010000000000000100010000000000
100000010000000000000000000000000001000100000000000101000001010100000000010
000010000001000000000000001000001000001000000000000100000011000000001000010
010000001000010010000001000000000000000000001010100000000000000000010001000
000000000000000100000001000100000100000000000010010100001000100000000010000
100010000000000000001000010000000000001000000000000100100000010000000100100
000000000000000010001000010000000010101000010000000000100100000000001000000
000010000000000000100000000000100100000000100000010000100100100000000010000
000000001000000000000100000000000011000000100000000000110000010000110000000
010110110100010000000000000000000000000000000001000010100000000000000000000
