50
00111111111111111111111111111111111111111111111111
00111111111111111111111111111111111111111111111111
11001111111111111111111111111111111111111111111111
11001111111111111111111111111111111111111111111111
11110011111111111111111111111111111111111111111111
11110011111111111111111111111111111111111111111111
11111100111111111111111111111111111111111111111111
11111100111111111111111111111111111111111111111111
11111111001111111111111111111111111111111111111111
11111111001111111111111111111111111111111111111111
11111111110011111111111111111111111111111111111111
11111111110011111111111111111111111111111111111111
11111111111100111111111111111111111111111111111111
11111111111100111111111111111111111111111111111111
11111111111111001111111111111111111111111111111111
11111111111111001111111111111111111111111111111111
11111111111111110011111111111111111111111111111111
11111111111111110011111111111111111111111111111111
11111111111111111100111111111111111111111111111111
11111111111111111100111111111111111111111111111111
11111111111111111111001111111111111111111111111111
11111111111111111111001111111111111111111111111111
11111111111111111111110011111111111111111111111111
11111111111111111111110011111111111111111111111111
11111111111111111111111100111111111111111111111111
11111111111111111111111100111111111111111111111111
11111111111111111111111111001111111111111111111111
11111111111111111111111111001111111111111111111111
11111111111111111111111111110011111111111111111111
11111111111111111111111111110011111111111111111111
11111111111111111111111111111100111111111111111111
11111111111111111111111111111100111111111111111111
11111111111111111111111111111111001111111111111111
11111111111111111111111111111111001111111111111111
11111111111111111111111111111111110011111111111111
11111111111111111111111111111111110011111111111111
11111111111111111111111111111111111100111111111111
11111111111111111111111111111111111100111111111111
11111111111111111111111111111111111111001111111111
11111111111111111111111111111111111111001111111111
11111111111111111111111111111111111111110011111111
11111111111111111111111111111111111111110011111111
11111111111111111111111111111111111111111100111111
11111111111111111111111111111111111111111100111111
11111111111111111111111111111111111111111111001111
11111111111111111111111111111111111111111111001111
11111111111111111111111111111111111111111111110011
11111111111111111111111111111111111111111111110011
11111111111111111111111111111111111111111111111100
11111111111111111111111111111111111111111111111100
